0.0 0.0
2.399 0.005
9.017 0.025
14.305 0.042
19.594 0.059
24.879 0.078
30.171 0.094
35.459 0.112
40.746 0.129
46.035 0.147
51.321 0.165
57.671 0.184
61.893 0.201
67.188 0.216
72.476 0.234
77.765 0.251
83.053 0.268
88.341 0.286
93.631 0.303
98.919 0.321
104.205 0.339
109.495 0.355
114.784 0.373
120.072 0.390
125.359 0.408
131.709 0.428
135.930 0.445
141.225 0.460
146.511 0.478
151.802 0.495
157.087 0.513
162.379 0.530
168.739 0.547
174.565 0.563
182.256 0.582
189.950 0.601
195.514 0.616
201.077 0.632
208.768 0.651
216.723 0.671
224.415 0.689
229.979 0.705
235.544 0.720
243.238 0.738
253.888 0.753
264.541 0.767
275.194 0.782
287.182 0.797
300.505 0.813
313.828 0.829
328.493 0.844
345.837 0.858
367.188 0.874
393.904 0.887
423.300 0.900
452.711 0.908
482.135 0.912
511.567 0.915
541.008 0.915
570.454 0.914
599.903 0.911
629.352 0.909
658.804 0.906
688.255 0.904
717.707 0.901
747.160 0.897
776.615 0.894
806.069 0.890
835.525 0.886
864.982 0.882
894.439 0.878
923.897 0.873
953.355 0.869
982.812 0.864
1012.272 0.859
1041.731 0.854
1071.191 0.849
1100.651 0.844
1130.111 0.839
1159.573 0.834
1189.034 0.828
1218.497 0.823
1247.959 0.817
1277.422 0.811
1306.885 0.805
1336.348 0.799
1365.812 0.793
1388.578 0.789
